76561197988223950
76561198389283409
76561198769522943
76561198782204305
76561199559285477
76561199803933097
76561199834119219
76561199867681647
76561199887462551
76561197961397243
76561197961485703
76561197962247107
76561197962430909
76561197962719132
76561197964163662
76561197968255747
76561197969854879
76561197970352179
76561197970502444
76561197970747443
76561197971384390
76561197972410266
76561197973671487
76561197974313276
76561197974579292
76561197975890238
76561197979565386
76561197980200984
76561197981350992
76561197982552856
76561197983209544
76561197984892103
76561197987441972
76561197989289111
76561197989503332
76561197989896560
76561197989960627
76561197991718771
76561197992663186
76561197992673693
76561197993121091
76561197993502299
76561197993558141
76561197993691241
76561197993704092
76561197994339144
76561197994378778
76561197994405365
76561197994436010
76561197994455341
76561197994700458
76561197994894155
76561197995492751
76561197996270466
76561197996770831
76561197997195289
76561197997552768
76561197997606134
76561197997712292
76561197998787291
76561197998799792
76561197999230702
76561197999476754
76561197999772867
76561198000700890
76561198001373523
76561198001409921
76561198001490852
76561198002493769
76561198002890522
76561198003241297
76561198003451214
76561198004075244
76561198004714106
76561198005469524
76561198006784763
76561198007156432
76561198008162463
76561198008316730
76561198008412317
76561198009631130
76561198009837726
76561198011642487
76561198011979438
76561198013160707
76561198013701785
76561198014415913
76561198017477568
76561198020999567
76561198021630144
76561198022562740
76561198025195605
76561198025940844
76561198025983211
76561198026476455
76561198027573032
76561198027648874
76561198027920396
76561198028097118
76561198030009256
76561198030881860
76561198032422952
76561198033495876
76561198033664640
76561198033751241
76561198034534383
76561198036203923
76561198038238739
76561198040565615
76561198040695898
76561198041589312
76561198042698716
76561198043659235
76561198044159119
76561198046860290
76561198046975421
76561198047395658
76561198049173682
76561198049455633
76561198050922381
76561198051422734
76561198051530009
76561198052793694
76561198052888310
76561198052941195
76561198053800988
76561198054875687
76561198055938080
76561198056254172
76561198056426995
76561198056518852
76561198057486519
76561198057887455
76561198058349418
76561198058381917
76561198061446656
76561198062938926
76561198063279135
76561198063948915
76561198064343405
76561198065239881
76561198065685248
76561198065802648
76561198065938950
76561198066365722
76561198066939779
76561198069580309
76561198069753992
76561198071201239
76561198071278015
76561198071308317
76561198072167345
76561198072367891
76561198072617993
76561198072838117
76561198073607104
76561198073668014
76561198074099159
76561198074676268
76561198075984475
76561198076247803
76561198077911235
76561198079272212
76561198080355874
76561198080610393
76561198080953808
76561198082593933
76561198083089274
76561198083476647
76561198083534513
76561198083667243
76561198084672738
76561198084788893
76561198085914681
76561198085928853
76561198086069864
76561198088068640
76561198088435108
76561198089638718
76561198091683019
76561198091851933
76561198092687202
76561198093552593
76561198095096086
76561198095260482
76561198095894723
76561198096308216
76561198096719774
76561198098629481
76561198098686760
76561198098689827
76561198098717017
76561198098747929
76561198100298417
76561198102102959
76561198103466723
76561198104945775
76561198106050631
76561198107453511
76561198109867680
76561198111251038
76561198111953032
76561198112834061
76561198114386623
76561198115548984
76561198115861953
76561198116207482
76561198118006103
76561198118715123
76561198119158532
76561198119349905
76561198119366581
76561198119578823
76561198120079317
76561198120840459
76561198121719168
76561198122468689
76561198125493556
76561198126705119
76561198127127989
76561198128279264
76561198128857767
76561198130075033
76561198131143318
76561198131248290
76561198131853482
76561198133831374
76561198133841937
76561198135111270
76561198135840733
76561198135960780
76561198137658099
76561198138661798
76561198139886385
76561198139921110
76561198140002423
76561198141093987
76561198144054356
76561198144159433
76561198144626197
76561198145224859
76561198146216390
76561198148214909
76561198148813024
76561198149880235
76561198151164654
76561198151511868
76561198153254699
76561198153572925
76561198153651580
76561198153853498
76561198153949923
76561198154569703
76561198154756425
76561198154952759
76561198155086492
76561198155676285
76561198156551840
76561198157645760
76561198158357292
76561198158594258
76561198158912016
76561198159073505
76561198159782734
76561198160513920
76561198160632310
76561198160674510
76561198161085456
76561198163009375
76561198165559127
76561198166274881
76561198166869985
76561198167566727
76561198168731045
76561198170016943
76561198170084210
76561198173852318
76561198175376049
76561198177665178
76561198177691937
76561198181758350
76561198184844309
76561198187805077
76561198189390937
76561198193525134
76561198193840003
76561198194379711
76561198194935065
76561198195223293
76561198195634570
76561198195695906
76561198196692127
76561198199834651
76561198201090693
76561198202037545
76561198202173398
76561198203152816
76561198203482043
76561198205195492
76561198205501279
76561198205852093
76561198206453997
76561198206678973
76561198208235537
76561198210512053
76561198213668069
76561198215224705
76561198215319097
76561198216659753
76561198216837024
76561198218044060
76561198218573937
76561198219288407
76561198220011533
76561198220502413
76561198224616400
76561198225143820
76561198225463104
76561198228333876
76561198228519064
76561198230370436
76561198231055016
76561198231065288
76561198231897380
76561198236360946
76561198236615102
76561198236632178
76561198237468586
76561198239390084
76561198241223978
76561198242170758
76561198242697832
76561198242943568
76561198243248924
76561198244544508
76561198248795694
76561198248829334
76561198249670878
76561198253525052
76561198254292824
76561198254943938
76561198255203257
76561198255763662
76561198256044686
76561198256667024
76561198256962041
76561198257070216
76561198257195918
76561198258515510
76561198258919721
76561198259048270
76561198259489016
76561198261788808
76561198262690548
76561198262756063
76561198263644467
76561198264054324
76561198264225499
76561198267589362
76561198271526590
76561198271531360
76561198272260125
76561198272356499
76561198274209804
76561198274493664
76561198275660315
76561198277543638
76561198279945329
76561198280507478
76561198282316382
76561198282501647
76561198282915359
76561198284104449
76561198284566375
76561198287947380
76561198288447178
76561198288618846
76561198290956434
76561198291814372
76561198292238693
76561198292929614
76561198296340304
76561198298352491
76561198298916776
76561198300328073
76561198301434833
76561198301603439
76561198304145596
76561198305266527
76561198305707070
76561198305805743
76561198306111084
76561198306188333
76561198306528591
76561198306763434
76561198308157992
76561198308294518
76561198308771370
76561198311522642
76561198311716638
76561198312578658
76561198312734205
76561198312930419
76561198313468394
76561198313682454
76561198314911697
76561198315009743
76561198316334587
76561198317070055
76561198317071532
76561198318391347
76561198318663630
76561198321093747
76561198321666867
76561198322515073
76561198322561288
76561198323079618
76561198323899818
76561198324402566
76561198324407229
76561198327096754
76561198328318344
76561198328360651
76561198328509338
76561198329324844
76561198331138168
76561198332141334
76561198332863098
76561198333549678
76561198334289235
76561198334733279
76561198336475797
76561198336756163
76561198336909179
76561198337065946
76561198338474711
76561198338903872
76561198339106993
76561198340731802
76561198341800810
76561198343169605
76561198344373595
76561198346726849
76561198346792371
76561198348847470
76561198351371239
76561198352099428
76561198353910448
76561198354223195
76561198354512835
76561198354544833
76561198355128010
76561198356010244
76561198356394405
76561198357389405
76561198357985898
76561198358806058
76561198359011813
76561198359158243
76561198359505641
76561198360107948
76561198360808193
76561198361282778
76561198361802154
76561198361888937
76561198365073741
76561198367635386
76561198368724267
76561198368975915
76561198369933384
76561198370293162
76561198370383602
76561198370467689
76561198371299170
76561198373658493
76561198374228610
76561198374590934
76561198376033052
76561198381317894
76561198383775648
76561198383879779
76561198385690491
76561198386236441
76561198386426544
76561198388159799
76561198389327942
76561198393212281
76561198393840168
76561198395371785
76561198395687757
76561198395762886
76561198397912491
76561198399626948
76561198399908684
76561198401251149
76561198402864456
76561198403134460
76561198403267086
76561198405494620
76561198409650256
76561198409815033
76561198413264446
76561198415657108
76561198415959335
76561198417319135
76561198419289455
76561198419854940
76561198419874958
76561198419929291
76561198420380573
76561198421585062
76561198421735616
76561198426545326
76561198430084654
76561198432322022
76561198433492075
76561198434291030
76561198434369559
76561198435418193
76561198436065355
76561198437236566
76561198440173412
76561198441297205
76561198442604930
76561198450845400
76561198451504084
76561198453616240
76561198585089503
76561198664998586
76561198722668061
76561198771093879
76561198771572552
76561198773921646
76561198773971896
76561198773978069
76561198774031393
76561198774034364
76561198774049716
76561198774084144
76561198774089178
76561198774090054
76561198774091979
76561198774092799
76561198774110611
76561198774121701
76561198774123145
76561198774140933
76561198774160565
76561198774174675
76561198774220243
76561198774249332
76561198774511963
76561198774552785
76561198774745647
76561198774865274
76561198775119401
76561198775241249
76561198775601212
76561198775645282
76561198775665118
76561198775728247
76561198775735931
76561198775758932
76561198775772215
76561198775776809
76561198775795695
76561198775853052
76561198775878778
76561198775910754
76561198776008317
76561198776043345
76561198776562249
76561198776863648
76561198776883088
76561198776942724
76561198777310969
76561198777315710
76561198778788162
76561198779420767
76561198779472794
76561198779537830
76561198779571031
76561198779572755
76561198779600912
76561198779623813
76561198779640012
76561198779643466
76561198779650947
76561198779693855
76561198779799222
76561198780176175
76561198780490188
76561198780723124
76561198781016291
76561198781186572
76561198781368507
76561198781390610
76561198781404878
76561198781417919
76561198781491050
76561198781566192
76561198781731969
76561198781860380
76561198781934501
76561198782141742
76561198782353497
76561198782748787
76561198783303952
76561198783658043
76561198783680502
76561198783730707
76561198784040588
76561198787197222
76561198789515104
76561198791028582
76561198792249132
76561198792285397
76561198793522553
76561198794893613
76561198795212782
76561198796326793
76561198796481938
76561198796629687
76561198797621199
76561198797830038
76561198798841815
76561198798841999
76561198798974935
76561198799268113
76561198799632614
76561198800425260
76561198801377836
76561198802000936
76561198802408649
76561198802740369
76561198804320643
76561198805379756
76561198806095925
76561198807596737
76561198810842646
76561198812705280
76561198813270011
76561198815117695
76561198815168037
76561198818020445
76561198818679993
76561198819761397
76561198820182852
76561198820200732
76561198820202085
76561198821432183
76561198821886249
76561198821945194
76561198823589819
76561198826077250
76561198826101838
76561198828737773
76561198830017983
76561198830568621
76561198831588655
76561198833576238
76561198836499298
76561198837523097
76561198838155647
76561198838544604
76561198839244956
76561198839612863
76561198839783166
76561198842799633
76561198844337044
76561198845094851
76561198845461354
76561198845535280
76561198845648020
76561198845921093
76561198846292642
76561198846820904
76561198847065647
76561198847084232
76561198847871736
76561198849522308
76561198851608454
76561198851811786
76561198852323957
76561198852442969
76561198852715020
76561198853043043
76561198853398634
76561198854779063
76561198857052647
76561198858374321
76561198858568475
76561198858727125
76561198858803610
76561198858864653
76561198860261110
76561198861740166
76561198862243928
76561198864298621
76561198864596041
76561198865324757
76561198866274112
76561198866438682
76561198866671871
76561198866924972
76561198867536365
76561198867675397
76561198869091121
76561198869261713
76561198869315428
76561198869325875
76561198869831569
76561198871637733
76561198871925269
76561198873343573
76561198873671867
76561198873769142
76561198873845068
76561198877888833
76561198879216827
76561198879372107
76561198879755450
76561198880478801
76561198880666601
76561198882070449
76561198883094826
76561198883413124
76561198885264129
76561198886734160
76561198886826935
76561198887997678
76561198888558147
76561198889243140
76561198889369005
76561198889536992
76561198890331717
76561198890478739
76561198891968125
76561198892750476
76561198894201403
76561198894975185
76561198895357494
76561198900344882
76561198902582798
76561198904474989
76561198910284435
76561198910750307
76561198911253398
76561198918894148
76561198920751275
76561198921233826
76561198929613218
76561198934531262
76561198935158462
76561198940050744
76561198940561286
76561198941142018
76561198941514507
76561198943548164
76561198944332967
76561198946334645
76561198947307137
76561198947735276
76561198951383898
76561198955803568
76561198956844037
76561198957777340
76561198958179864
76561198958801373
76561198959436481
76561198960331470
76561198960580189
76561198960852428
76561198962400711
76561198963889235
76561198964014599
76561198964097305
76561198968100786
76561198968339863
76561198969301028
76561198969687752
76561198969720042
76561198971006548
76561198971076512
76561198973073826
76561198974922560
76561198975975764
76561198976341026
76561198979238618
76561198980137597
76561198980486099
76561198980721027
76561198983255106
76561198983359963
76561198984121656
76561198986021339
76561198986147064
76561198987073544
76561198987298930
76561198987411171
76561198988105471
76561198988492235
76561198989077154
76561198989830356
76561198989955666
76561198990949264
76561198991423796
76561198991503743
76561198992371500
76561198992388898
76561198993009636
76561198993116418
76561198993335528
76561198993409279
76561198993735756
76561198993753039
76561198994793901
76561198994935701
76561198996015877
76561198996707313
76561198996816194
76561198997957936
76561198998028088
76561198998914446
76561198999942718
76561199000680287
76561199001128696
76561199001581774
76561199001607610
76561199001724138
76561199001917548
76561199002007362
76561199002010641
76561199002438628
76561199002952811
76561199003053533
76561199003312529
76561199003473057
76561199005779887
76561199006651014
76561199007386810
76561199008291190
76561199008491342
76561199008702864
76561199009103410
76561199009296862
76561199012485050
76561199013355857
76561199013553659
76561199014107462
76561199014243793
76561199014300697
76561199014810944
76561199015490639
76561199015502346
76561199015994220
76561199017016811
76561199017032063
76561199017216118
76561199017301539
76561199018433936
76561199019340172
76561199019899775
76561199021817998
76561199023880512
76561199024067822
76561199024591783
76561199024783230
76561199024946009
76561199025143211
76561199026808266
76561199027050411
76561199027059592
76561199027479818
76561199028900866
76561199028961300
76561199030165889
76561199030418886
76561199030674747
76561199031101971
76561199031544233
76561199032479856
76561199032793773
76561199035584028
76561199036308076
76561199038394961
76561199038533492
76561199038804327
76561199038947403
76561199038951938
76561199040446687
76561199041180269
76561199043016100
76561199043059288
76561199043141215
76561199044092218
76561199044500280
76561199044864962
76561199045841440
76561199046791443
76561199047643523
76561199047813946
76561199047865465
76561199049359325
76561199049452889
76561199050099994
76561199050490105
76561199051027593
76561199053805578
76561199055474699
76561199056281833
76561199056868640
76561199058014550
76561199058942198
76561199059366918
76561199060916228
76561199061982851
76561199062531406
76561199062931074
76561199066043919
76561199066259183
76561199066453701
76561199066817709
76561199068194646
76561199069480037
76561199070414203
76561199070499632
76561199070817185
76561199071023932
76561199071235538
76561199071271103
76561199071751195
76561199073142280
76561199073699903
76561199073972255
76561199074942833
76561199076507978
76561199076512437
76561199076916081
76561199076940223
76561199077481000
76561199077720941
76561199079525946
76561199080537384
76561199081483668
76561199081516879
76561199083379822
76561199084261614
76561199085762564
76561199086788469
76561199087064054
76561199087505848
76561199087557586
76561199087957689
76561199088988857
76561199089132623
76561199089257661
76561199089286422
76561199090128542
76561199091205233
76561199091224456
76561199091571361
76561199092749759
76561199093223149
76561199094327332
76561199094540336
76561199094865981
76561199095599084
76561199097087535
76561199097268274
76561199098231516
76561199098355474
76561199098558538
76561199103250906
76561199103865295
76561199104209829
76561199104326956
76561199104588667
76561199104633575
76561199104723855
76561199106019031
76561199106130369
76561199107087763
76561199107662454
76561199108063992
76561199109258156
76561199109336266
76561199111749873
76561199111818670
76561199112265219
76561199112591796
76561199113282492
76561199113359401
76561199113435214
76561199113783302
76561199114197394
76561199114258870
76561199114641604
76561199115674712
76561199116164280
76561199116230015
76561199116453709
76561199117784459
76561199118432912
76561199119535087
76561199121511768
76561199121931771
76561199122045178
76561199123546700
76561199124233942
76561199125228505
76561199126637385
76561199128271190
76561199128800705
76561199129575002
76561199129804316
76561199130495643
76561199130636093
76561199131307427
76561199134436553
76561199135672389
76561199136366119
76561199136450952
76561199136562532
76561199137102978
76561199137839131
76561199137977772
76561199138735421
76561199139538939
76561199139739410
76561199140519786
76561199140574605
76561199141251228
76561199141432279
76561199141538535
76561199142108382
76561199142244074
76561199142615414
76561199142694540
76561199142699935
76561199143790060
76561199144074923
76561199147462738
76561199147684870
76561199148719803
76561199150460017
76561199151228206
76561199152104636
76561199152162361
76561199155517999
76561199155938498
76561199156410167
76561199158370053
76561199158932984
76561199159110288
76561199159314952
76561199159320989
76561199160373306
76561199161246104
76561199161553268
76561199162016105
76561199162348184
76561199162597452
76561199163663137
76561199164641532
76561199165303179
76561199166479654
76561199166791353
76561199167958632
76561199167963893
76561199169097264
76561199170278413
76561199170983925
76561199171019001
76561199171042824
76561199171153804
76561199171738087
76561199171804863
76561199172647182
76561199173083376
76561199173147023
76561199173821094
76561199177001061
76561199177417720
76561199178284657
76561199179381753
76561199179760248
76561199179969795
76561199180000117
76561199180138672
76561199180779480
76561199181201897
76561199182403840
76561199182470218
76561199182552195
76561199183338218
76561199183533235
76561199183583974
76561199183748060
76561199184419450
76561199184825274
76561199184915103
76561199185211196
76561199185744020
76561199186482545
76561199187154615
76561199187832018
76561199187981560
76561199188320753
76561199188379821
76561199188398183
76561199188713949
76561199189087941
76561199189202466
76561199189616325
76561199189651649
76561199189746178
76561199189763716
76561199189829522
76561199189853625
76561199190133349
76561199190219908
76561199190337875
76561199191522790
76561199191734628
76561199191901612
76561199192112744
76561199192134664
76561199192480813
76561199192890557
76561199193167076
76561199193221945
76561199195453905
76561199195623773
76561199196108324
76561199196381981
76561199196614093
76561199196871249
76561199197060484
76561199197105862
76561199197758550
76561199197944133
76561199197995993
76561199198703522
76561199198721096
76561199199208124
76561199199318505
76561199199755458
76561199199912091
76561199201231736
76561199201637835
76561199202390443
76561199202439154
76561199202569434
76561199202642575
76561199202942183
76561199203078072
76561199203123093
76561199203188345
76561199204055014
76561199204171582
76561199204447881
76561199204716551
76561199205475072
76561199206548299
76561199207345447
76561199208490082
76561199208585334
76561199208844754
76561199208906943
76561199209388230
76561199209646322
76561199210289868
76561199210402837
76561199210477973
76561199211059941
76561199211215857
76561199211246710
76561199211975730
76561199212951582
76561199213084504
76561199213479622
76561199213764689
76561199214183958
76561199215228820
76561199215260381
76561199215353917
76561199215406866
76561199215539659
76561199215563709
76561199215591024
76561199215630470
76561199215631406
76561199215642024
76561199215698200
76561199215865709
76561199215909198
76561199215911517
76561199215925379
76561199215945160
76561199215948669
76561199215960491
76561199216007226
76561199216015507
76561199216019038
76561199216027173
76561199216066062
76561199216553649
76561199216687068
76561199216935440
76561199216999750
76561199217939568
76561199218231334
76561199219547716
76561199219898744
76561199220095111
76561199220793874
76561199220883265
76561199221014368
76561199221438778
76561199221833434
76561199221996940
76561199222150003
76561199222568170
76561199222878660
76561199223392231
76561199223450877
76561199223721909
76561199223851098
76561199224744824
76561199225049795
76561199225072076
76561199225256760
76561199225518205
76561199225856226
76561199226595581
76561199226795742
76561199226926390
76561199227103572
76561199227677126
76561199228007699
76561199228109840
76561199228542542
76561199228737194
76561199229398333
76561199229407371
76561199229487979
76561199229607409
76561199229992220
76561199230616457
76561199230634455
76561199231353968
76561199231456838
76561199231893247
76561199232106563
76561199232130890
76561199232347814
76561199232355544
76561199232523715
76561199232635254
76561199232691597
76561199232817301
76561199232956256
76561199233062469
76561199233652294
76561199233674517
76561199235555106
76561199236226338
76561199236474694
76561199236513737
76561199236563712
76561199236792192
76561199237073297
76561199237104634
76561199237313441
76561199237650389
76561199238146036
76561199238607315
76561199239025992
76561199239697704
76561199240493380
76561199242363871
76561199242826538
76561199242876811
76561199243148421
76561199244351070
76561199244492956
76561199244590954
76561199244677220
76561199245046815
76561199245126419
76561199245531386
76561199245573473
76561199246618239
76561199246956380
76561199247630644
76561199249910106
76561199250332684
76561199251306514
76561199252439679
76561199252599649
76561199255512512
76561199259185197
76561199260500021
76561199260535525
76561199261446847
76561199261816146
76561199262498041
76561199262586441
76561199263269776
76561199265079501
76561199266529170
76561199266633240
76561199271426739
76561199272187138
76561199273438898
76561199274055606
76561199274872974
76561199274876079
76561199274964182
76561199275160244
76561199275431089
76561199276513249
76561199277758139
76561199278336354
76561199279195088
76561199281962090
76561199283638058
76561199286786807
76561199293634087
76561199297531756
76561199297857913
76561199298337788
76561199298542260
76561199298942572
76561199299009811
76561199299549138
76561199304545236
76561199304550020
76561199305161469
76561199306443871
76561199309483287
76561199322892342
76561199323337326
76561199330260419
76561199336689241
76561199337154945
76561199337969640
76561199337992892
76561199343441794
76561199343686045
76561199343700717
76561199343742098
76561199344258878
76561199347776834
76561199347851731
76561199349421032
76561199350180107
76561199351784461
76561199351801832
76561199352842980
76561199353622276
76561199355111529
76561199356562044
76561199362200158
76561199362225026
76561199365224070
76561199367140959
76561199367372791
76561199367487786
76561199367885097
76561199370345916
76561199373705025
76561199374126563
76561199374932818
76561199374981931
76561199375148414
76561199376035009
76561199376375393
76561199376376836
76561199376550547
76561199376833215
76561199378857773
76561199379017182
76561199379438203
76561199379451325
76561199379490564
76561199379866656
76561199379913688
76561199380860531
76561199381013493
76561199381585665
76561199381666907
76561199381921893
76561199382858945
76561199383545215
76561199383936559
76561199384003673
76561199384039293
76561199384122461
76561199384223582
76561199385286542
76561199385544235
76561199385649632
76561199386052266
76561199386286270
76561199387550937
76561199387709040
76561199387810857
76561199388456257
76561199389532309
76561199390616460
76561199392239285
76561199392294340
76561199392381747
76561199392425303
76561199392488864
76561199394065720
76561199394663311
76561199395169808
76561199395401249
76561199397549660
76561199401367202
76561199401640325
76561199401696964
76561199401849576
76561199401863782
76561199403412308
76561199403644294
76561199403705819
76561199403987732
76561199404436800
76561199405860955
76561199406585423
76561199407021221
76561199407093928
76561199411793492
76561199415808908
76561199416138817
76561199417606990
76561199422862498
76561199424167113
76561199426151922
76561199428072751
76561199428084713
76561199429306118
76561199429378246
76561199432900981
76561199434189893
76561199434241689
76561199439638077
76561199441768979
76561199442636712
76561199443128459
76561199445351180
76561199446556959
76561199461893425
76561199466135138
76561199466664576
76561199466680140
76561199467130935
76561199467305341
76561199468164798
76561199468618111
76561199472182973
76561199476288533
76561199478326871
76561199478843429
76561199481739388
76561199482021510
76561199483286322
76561199483619279
76561199484704812
76561199484772709
76561199486190265
76561199486389936
76561199489186808
76561199493267348
76561199495249379
76561199495716670
76561199497230370
76561199497662811
76561199499628067
76561199500632369
76561199500944729
76561199502223517
76561199503687893
76561199504116903
76561199504912739
76561199505853234
76561199507667337
76561199508463561
76561199509364566
76561199510465484
76561199511762666
76561199512581764
76561199512636115
76561199515581572
76561199515591934
76561199516198436
76561199516503903
76561199519013054
76561199520454409
76561199521433414
76561199521977794
76561199521990390
76561199522621735
76561199522821508
76561199523088024
76561199523151506
76561199523373232
76561199523388645
76561199523518239
76561199523625248
76561199525931014
76561199527332112
76561199527413328
76561199527563362
76561199527699736
76561199527869950
76561199527921888
76561199528036432
76561199528115435
76561199528180283
76561199528314141
76561199528428651
76561199529073938
76561199530165254
76561199532677269
76561199532994212
76561199534387455
76561199536223052
76561199538147622
76561199542034640
76561199542049349
76561199542375789
76561199542416339
76561199542425285
76561199542461136
76561199542634153
76561199543295662
76561199543410869
76561199543547540
76561199543595643
76561199543686931
76561199543767800
76561199544225466
76561199544387767
76561199544642870
76561199544786856
76561199544969665
76561199545130476
76561199546647462
76561199546991735
76561199549612309
76561199549628572
76561199549648452
76561199550980247
76561199552198003
76561199552678488
76561199554028804
76561199556628154
76561199556695043
76561199556827464
76561199557074888
76561199557458025
76561199557763418
76561199558255735
76561199558296608
76561199558393603
76561199559422148
76561199560277245
76561199560417539
76561199560567375
76561199562467243
76561199562900967
76561199563036345
76561199563293265
76561199563600077
76561199565689718
76561199566452080
76561199567835092
76561199570037670
76561199570296117
76561199570500860
76561199571032818
76561199571361877
76561199571677878
76561199571695761
76561199571710788
76561199573781150
76561199574197468
76561199574250999
76561199574281198
76561199574302990
76561199574311077
76561199574354008
76561199574362247
76561199574396223
76561199574410212
76561199574426155
76561199574450955
76561199574455087
76561199574465445
76561199574485440
76561199574509209
76561199574530733
76561199574588520
76561199574640695
76561199574644062
76561199574676217
76561199574756186
76561199574776262
76561199574824077
76561199574839710
76561199574848106
76561199574869023
76561199574935203
76561199574960737
76561199574985601
76561199574995404
76561199575038821
76561199575124232
76561199575124325
76561199575149049
76561199575150415
76561199575173872
76561199575323407
76561199575377055
76561199575547763
76561199575915396
76561199577166693
76561199577784575
76561199579080049
76561199579319067
76561199579789867
76561199579987370
76561199581781760
76561199582598035
76561199582615318
76561199582702159
76561199583788453
76561199583935804
76561199584729686
76561199586938397
76561199587271500
76561199588725182
76561199604419762
76561199608730920
76561199609004776
76561199612162843
76561199616174718
76561199616518918
76561199616951791
76561199617015393
76561199617093595
76561199617323297
76561199617739006
76561199617926973
76561199618006255
76561199618251302
76561199618958369
76561199619857359
76561199622053007
76561199622532387
76561199622569984
76561199622670975
76561199622759523
76561199622800181
76561199622864037
76561199623102279
76561199623114125
76561199623546164
76561199623769472
76561199623823541
76561199623905607
76561199623957500
76561199623970982
76561199625796227
76561199627814896
76561199628545946
76561199628888220
76561199628905730
76561199628912560
76561199629020193
76561199629175663
76561199629187991
76561199629228629
76561199629553067
76561199629601426
76561199629614253
76561199629651590
76561199629751711
76561199629830742
76561199631284129
76561199634886264
76561199636399351
76561199636823644
76561199637126796
76561199637173230
76561199638295207
76561199642667282
76561199643351610
76561199643412083
76561199643468655
76561199643711262
76561199643748343
76561199644244466
76561199644703028
76561199646160221
76561199646837155
76561199646838017
76561199646942023
76561199646952511
76561199647169042
76561199647338244
76561199647444492
76561199647507994
76561199647545978
76561199647631403
76561199647697699
76561199647734989
76561199647769418
76561199647841804
76561199647848655
76561199648068114
76561199648231253
76561199649481608
76561199653461877
76561199653585521
76561199655893822
76561199655999044
76561199656468796
76561199657193547
76561199657381910
76561199659817765
76561199660085198
76561199660724725
76561199660953185
76561199662652462
76561199663105829
76561199665566878
76561199668816423
76561199669628972
76561199670065196
76561199670260133
76561199670322784
76561199670352155
76561199672972231
76561199679950738
76561199680457711
76561199680589298
76561199680623959
76561199680853284
76561199681069430
76561199681086082
76561199681112985
76561199681177321
76561199681225577
76561199681339702
76561199681342719
76561199681359101
76561199681387276
76561199681680778
76561199681689398
76561199681770809
76561199682283780
76561199683475735
76561199690080488
76561199696057441
76561199696316438
76561199696872808
76561199696881358
76561199696921453
76561199696996806
76561199697090658
76561199697402387
76561199697546299
76561199697584073
76561199697584406
76561199697623215
76561199697687154
76561199697714309
76561199697984370
76561199698017625
76561199698051229
76561199698173146
76561199698586428
76561199699795353
76561199702565412
76561199706244484
76561199706676747
76561199706785790
76561199713209739
76561199716291044
76561199717035586
76561199722870226
76561199729088973
76561199730434793
76561199730525090
76561199731237600
76561199733818000
76561199734188909
76561199735547067
76561199736525228
76561199738503288
76561199739292186
76561199739591876
76561199742722082
76561199742772759
76561199747286158
76561199747545157
76561199749417953
76561199750527356
76561199751229188
76561199753217736
76561199756100582
76561199756356314
76561199758765377
76561199759772813
76561199759813029
76561199759968430
76561199760240737
76561199760627268
76561199760785390
76561199766391279
76561199767098880
76561199770034706
76561199775705261
76561199777478418
76561199777768757
76561199777873163
76561199781328578
76561199782969462
76561199785144018
76561199788516847
76561199789296071
76561199789380886
76561199790963046
76561199794739677
76561199796492647
76561199797029121
76561199797708472
76561199798856267
76561199798981205
76561199799499527
76561199799709465
76561199799846281
76561199800838503
76561199800888161
76561199801057015
76561199802343569
76561199803862225
76561199804416776
76561199804836075
76561199805469170
76561199805928849
76561199806197270
76561199806368284
76561199807071307
76561199807353682
76561199807410620
76561199807582816
76561199807598619
76561199807633478
76561199808035825
76561199808784430
76561199809036372
76561199809111106
76561199809851895
76561199810373489
76561199810662265
76561199810727968
76561199811013443
76561199811025234
76561199811059856
76561199811219602
76561199811221757
76561199811334231
76561199811745470
76561199811944581
76561199812932902
76561199813111017
76561199813176400
76561199813220522
76561199813521026
76561199813764045
76561199814004306
76561199814088757
76561199814960157
76561199815421703
76561199816696278
76561199817575110
76561199817772040
76561199817954137
76561199817995125
76561199818024487
76561199818033362
76561199818063215
76561199818091840
76561199818093936
76561199818099864
76561199818142346
76561199818156214
76561199818159744
76561199818231762
76561199818259299
76561199818269718
76561199818429386
76561199818445577
76561199818467553
76561199818482028
76561199818490363
76561199818490671
76561199818494119
76561199818495037
76561199818500058
76561199818502644
76561199818513430
76561199818521159
76561199818522309
76561199818583176
76561199818591668
76561199818633249
76561199818636339
76561199818646942
76561199818651630
76561199818664692
76561199818666235
76561199818668714
76561199818697820
76561199818726052
76561199818732517
76561199818752403
76561199818773436
76561199818780939
76561199818815639
76561199818818887
76561199818836618
76561199818852684
76561199818853600
76561199818918033
76561199818941445
76561199818966930
76561199819015675
76561199819017830
76561199819038098
76561199819038590
76561199819043306
76561199819084674
76561199819131901
76561199819155211
76561199819187520
76561199819194787
76561199819231581
76561199819239614
76561199819255014
76561199819295980
76561199819299909
76561199819314475
76561199819384176
76561199819410656
76561199819432221
76561199819450377
76561199819470924
76561199819477659
76561199819634575
76561199819659910
76561199819728162
76561199819746185
76561199820216981
76561199820226056
76561199820432070
76561199820460792
76561199820792862
76561199820997505
76561199821021362
76561199821081618
76561199821597244
76561199821630196
76561199821740720
76561199821809651
76561199821820541
76561199821828818
76561199821869473
76561199821871190
76561199821883773
76561199821897758
76561199821956206
76561199821960437
76561199821978667
76561199821994944
76561199822009300
76561199822022534
76561199822051051
76561199822074132
76561199822105854
76561199822173361
76561199822190884
76561199822210698
76561199822212943
76561199822260951
76561199822262902
76561199822292808
76561199822342926
76561199822375700
76561199822392153
76561199822474120
76561199822486931
76561199822519447
76561199822580258
76561199822647395
76561199822703079
76561199822762871
76561199822791119
76561199822847807
76561199822862095
76561199822902503
76561199822909701
76561199822912073
76561199822927054
76561199822927636
76561199823009529
76561199823030122
76561199823065252
76561199823098788
76561199823113330
76561199823141966
76561199823143690
76561199823313048
76561199823371281
76561199823421352
76561199823581274
76561199823588629
76561199823627778
76561199823911028
76561199824068217
76561199824191690
76561199824227585
76561199824313374
76561199824336623
76561199824390099
76561199824476948
76561199824525523
76561199824528109
76561199824535313
76561199824566518
76561199824589301
76561199824651854
76561199824707507
76561199824753580
76561199824856910
76561199824889570
76561199824891536
76561199824892342
76561199825244514
76561199825250659
76561199825326038
76561199825525071
76561199825848550
76561199825970950
76561199826475464
76561199826544935
76561199826972298
76561199827039117
76561199827117683
76561199827145379
76561199827330764
76561199827973020
76561199828131054
76561199828212211
76561199829445546
76561199830158378
76561199830964614
76561199831912511
76561199835949459
76561199837617506
76561199837829147
76561199838249971
76561199838511060
76561199842222823
76561199842321375
76561199843536330
76561199845078989
76561199846103284
76561199846430292
76561199847499270
76561199850146549
76561199852817091
76561199853890862
76561199853947263
76561199853955825
76561199854004485
76561199854269773
76561199854336265
76561199854671673
76561199855092094
76561199855461538
76561199855757044
76561199856703265
76561199857500478
76561199860705015
76561199860883047
76561199861086718
76561199862430366
76561199862696299
76561199862891473
76561199863079104
76561199863101905
76561199863144299
76561199863409382
76561199863599842
76561199863651206
76561199863893933
76561199863953638
76561199864103196
76561199864110324
76561199864335657
76561199864431985
76561199864854217
76561199864986936
76561199865521438
76561199865810040
76561199867044941
76561199868282239
76561199868793481
76561199868867819
76561199870828359
76561199871452580
76561199871468081
76561199872343845
76561199872555031
76561199872598598
76561199872671984
76561199873234410
76561199873474706
76561199873502324
76561199873621284
76561199873845543
76561199873864419
76561199873864850
76561199873882616
76561199873978864
76561199873992242
76561199874167829
76561199874168260
76561199874242478
76561199874284811
76561199874287642
76561199874288935
76561199874385663
76561199874458310
76561199874460034
76561199874493736
76561199874688317
76561199874847485
76561199875085067
76561199875096235
76561199875417425
76561199876027314
76561199878107011
76561199878335344
76561199878806587
76561199879821629
76561199880026398
76561199880321694
76561199880840107
76561199881475005
76561199884068086
76561199884607866
76561199884797559
76561199885256596
76561199887506336
76561199888116936
76561199889504050
76561199889548921
76561199889659938
76561199890933525
76561199891019113
76561197989715771
76561198001817698
76561198012347734
76561198040194228
76561198040408884
76561198057016888
76561198075170558
76561198079219800
76561198136356968
76561198179436362
76561198198830895
76561198204317508
76561198209249621
76561198240044782
76561198337956733
76561198339830912
76561198342369419
76561198360513994
76561198369585203
76561198378490686
76561198846139136
76561198976215190
76561199047694514
76561199171438548
76561199205859774
76561199217756032
