76561197961344983
76561197961589452
76561197961693204
76561197962049464
76561197962297037
76561197963002257
76561197963387377
76561197964007884
76561197964137390
76561197964387679
76561197966372990
76561197967575804
76561197970560168
76561197972424051
76561197973125935
76561197977670001
76561197979291377
76561197985076859
76561197985866458
76561197987810239
76561197989636751
76561197990165118
76561197993651702
76561197994537882
76561197994677766
76561197995620774
76561197997216830
76561197997255706
76561197997475894
76561197998594430
76561197998781018
76561197999213039
76561198000555069
76561198000685071
76561198001089151
76561198003540730
76561198004939374
76561198005287326
76561198005398400
76561198005782383
76561198006116828
76561198006769023
76561198007113596
76561198008436974
76561198009578565
76561198009680117
76561198010580629
76561198012597807
76561198014886332
76561198015329761
76561198016064110
76561198017116004
76561198017294120
76561198017856734
76561198018554828
76561198021609320
76561198023694148
76561198024055814
76561198024612677
76561198025483691
76561198026017374
76561198027290307
76561198027678964
76561198027937455
76561198028016150
76561198028026547
76561198030248142
76561198030559423
76561198030876926
76561198031784237
76561198032063097
76561198032136536
76561198032448792
76561198034204129
76561198035132607
76561198035464075
76561198035633958
76561198035697039
76561198036408052
76561198036739647
76561198036946949
76561198041090417
76561198042356085
76561198043263621
76561198043814485
76561198043958943
76561198044811257
76561198045318547
76561198046222098
76561198046427257
76561198046498309
76561198046516334
76561198046884177
76561198046975421
76561198047380540
76561198048021950
76561198048721657
76561198050701317
76561198052236944
76561198052431073
76561198052510405
76561198053236559
76561198053661006
76561198054031132
76561198054558893
76561198054843834
76561198055111981
76561198055129178
76561198055233097
76561198056668902
76561198057019186
76561198057260317
76561198057369989
76561198057847506
76561198057870590
76561198057951738
76561198058635597
76561198058824041
76561198058892591
76561198058916655
76561198059858971
76561198060018760
76561198061068917
76561198061192791
76561198061386578
76561198062878977
76561198063117617
76561198063960421
76561198064000561
76561198064285239
76561198064800026
76561198065329035
76561198065452570
76561198065998651
76561198066648153
76561198066955185
76561198067799124
76561198068946926
76561198069519594
76561198070185726
76561198070894847
76561198071993023
76561198072823794
76561198073123695
76561198073201106
76561198073327577
76561198074095616
76561198076718964
76561198077189194
76561198077784902
76561198079355040
76561198079362661
76561198080910881
76561198081156079
76561198081355753
76561198081361752
76561198081579389
76561198083031823
76561198083209658
76561198083832828
76561198085288722
76561198085764172
76561198086551956
76561198086574058
76561198087120177
76561198088409405
76561198090018135
76561198090815082
76561198090910387
76561198091352889
76561198091371554
76561198092212140
76561198093476761
76561198094223788
76561198094692661
76561198094889689
76561198095811323
76561198096308216
76561198096850130
76561198097396234
76561198098512485
76561198100732010
76561198101180943
76561198101451654
76561198104317637
76561198105196334
76561198105862340
76561198106609993
76561198107460718
76561198107609618
76561198107644903
76561198108114796
76561198108306936
76561198108939783
76561198109332096
76561198110442019
76561198110538927
76561198110663760
76561198112150781
76561198113938587
76561198114337692
76561198115325892
76561198115772846
76561198116293656
76561198117276058
76561198117278005
76561198117320820
76561198117356426
76561198117427864
76561198117461878
76561198118592369
76561198118880627
76561198119391992
76561198119903204
76561198120408972
76561198121123881
76561198121671887
76561198121723827
76561198122413439
76561198123702817
76561198124280163
76561198124457464
76561198125167280
76561198125278630
76561198125681200
76561198125850711
76561198127212659
76561198127386650
76561198128991878
76561198129003996
76561198129139458
76561198129218107
76561198131599617
76561198131693647
76561198132046636
76561198132095684
76561198132394625
76561198132915254
76561198134184459
76561198134298804
76561198135537472
76561198135743315
76561198136788431
76561198137175279
76561198138561080
76561198138953289
76561198139059670
76561198140028276
76561198140105370
76561198142909187
76561198143181421
76561198143653082
76561198143824609
76561198143874157
76561198144217938
76561198144546404
76561198145139560
76561198145720858
76561198149146390
76561198150305428
76561198150947037
76561198151133822
76561198151229695
76561198153152935
76561198153165699
76561198153400625
76561198154824939
76561198155229451
76561198155626151
76561198155770721
76561198155950085
76561198157312786
76561198158058167
76561198158181931
76561198158338872
76561198158360751
76561198158501583
76561198159466894
76561198159593220
76561198161648665
76561198162149436
76561198162322489
76561198163460910
76561198163545548
76561198164468208
76561198165912257
76561198166312908
76561198167612561
76561198168326591
76561198168896929
76561198170092282
76561198170377826
76561198171183058
76561198171559429
76561198171596926
76561198171735273
76561198171782518
76561198171846923
76561198175725237
76561198178308073
76561198179632159
76561198179729266
76561198179789738
76561198179950822
76561198180769950
76561198182355781
76561198182860485
76561198185289433
76561198187597581
76561198188657746
76561198188660090
76561198188689323
76561198189102011
76561198190103213
76561198190311345
76561198190982110
76561198193868679
76561198194087115
76561198194170481
76561198194512711
76561198196527957
76561198198302254
76561198198923303
76561198200436889
76561198200698897
76561198202366898
76561198202627608
76561198202768884
76561198202907267
76561198202910324
76561198204202499
76561198204611747
76561198204694671
76561198206081860
76561198206749471
76561198207023120
76561198207904679
76561198208623491
76561198211984304
76561198212704888
76561198213377767
76561198216226605
76561198216540597
76561198217844375
76561198219760463
76561198220227977
76561198220674745
76561198223403484
76561198224790408
76561198232098540
76561198234492028
76561198238097720
76561198238142044
76561198239818424
76561198240274662
76561198242097652
76561198243600824
76561198244164148
76561198244347304
76561198247216360
76561198247626810
76561198248994274
76561198249693544
76561198249707880
76561198249793522
76561198249835016
76561198252429286
76561198253664166
76561198255596969
76561198256732607
76561198257880128
76561198258013730
76561198258487465
76561198259224772
76561198259481043
76561198259679844
76561198260121940
76561198260239250
76561198260281812
76561198260460552
76561198261468713
76561198261647441
76561198261762494
76561198263054928
76561198263116043
76561198263398697
76561198264156530
76561198267798603
76561198269575329
76561198271046396
76561198271367507
76561198272563578
76561198272708673
76561198272766290
76561198272887318
76561198272955027
76561198272958810
76561198273159129
76561198274207713
76561198275285519
76561198276306613
76561198276376906
76561198276854922
76561198278122514
76561198278574402
76561198280674308
76561198280840139
76561198283619846
76561198285554132
76561198285652249
76561198287028256
76561198287608747
76561198288307022
76561198288746563
76561198289545290
76561198294769436
76561198295019842
76561198295717197
76561198296042553
76561198296471472
76561198297588379
76561198298506770
76561198298521324
76561198299121471
76561198299179114
76561198300488040
76561198301686460
76561198302723927
76561198303038507
76561198303754451
76561198304525476
76561198305126222
76561198309086422
76561198310248568
76561198312155049
76561198313168077
76561198313631303
76561198313853084
76561198314073708
76561198315560501
76561198315772174
76561198315982003
76561198316364011
76561198320042443
76561198320595035
76561198321317152
76561198321491169
76561198321690077
76561198322010655
76561198322739460
76561198322924350
76561198324919963
76561198328772077
76561198329405969
76561198330551665
76561198331388903
76561198332283591
76561198333149232
76561198334301684
76561198334325718
76561198334489649
76561198334603274
76561198335378455
76561198335667627
76561198336531297
76561198338128000
76561198338316039
76561198338413692
76561198340774813
76561198341033611
76561198342369235
76561198342604840
76561198345806276
76561198346818209
76561198350220476
76561198350689476
76561198350870173
76561198351120628
76561198351447160
76561198352491252
76561198352756169
76561198353174595
76561198353246054
76561198353311621
76561198353411959
76561198353460771
76561198353532748
76561198353710762
76561198353819407
76561198354215273
76561198354579304
76561198354649544
76561198355458674
76561198355699117
76561198356450983
76561198357164578
76561198357887153
76561198358450003
76561198359016547
76561198359287453
76561198360120834
76561198361772534
76561198362264909
76561198362275680
76561198362310968
76561198363336104
76561198363349046
76561198363808774
76561198364032011
76561198364382236
76561198365350877
76561198365992211
76561198367264863
76561198369395031
76561198369556572
76561198371098729
76561198372142565
76561198372454944
76561198374383103
76561198374988556
76561198375096797
76561198375204015
76561198375904986
76561198376856802
76561198377500796
76561198378554192
76561198379808682
76561198380730625
76561198381391300
76561198382149742
76561198382785373
76561198383135205
76561198383595819
76561198385826961
76561198387446425
76561198387597269
76561198388168113
76561198388444586
76561198389460812
76561198389733229
76561198390344890
76561198390398028
76561198390822393
76561198390865035
76561198391726990
76561198392325528
76561198392722004
76561198393472409
76561198393721656
76561198394462384
76561198395002849
76561198395206868
76561198396304286
76561198396668582
76561198397388567
76561198398049640
76561198399247959
76561198399320638
76561198402904533
76561198403135553
76561198403774457
76561198404139445
76561198405296220
76561198405525737
76561198408523112
76561198409297558
76561198409807159
76561198410735952
76561198410884226
76561198411600147
76561198412678386
76561198413359396
76561198413675639
76561198413915073
76561198414201385
76561198415547475
76561198415768693
76561198415999847
76561198416108066
76561198418267417
76561198418311439
76561198420068391
76561198420420911
76561198421350343
76561198422199771
76561198423270112
76561198425401222
76561198425844667
76561198429642226
76561198431665030
76561198431810484
76561198432260935
76561198432704524
76561198435287260
76561198435736570
76561198436713351
76561198436828377
76561198437858104
76561198438029026
76561198438368530
76561198439088513
76561198439671952
76561198441725352
76561198441885396
76561198442650840
76561198443778288
76561198443984239
76561198444713323
76561198445988911
76561198448256884
76561198449688188
76561198450331131
76561198450716972
76561198451369546
76561198451533769
76561198452869245
76561198780411027
76561198796596445
76561198798513165
76561198798523908
76561198798879879
76561198800145516
76561198801068425
76561198801377669
76561198801617310
76561198803089656
76561198803680050
76561198803686871
76561198805125614
76561198805676805
76561198806880073
76561198807620694
76561198807720603
76561198808396035
76561198808445751
76561198808612658
76561198810112075
76561198812691475
76561198815657633
76561198819069300
76561198819400644
76561198819860023
76561198819881098
76561198819905357
76561198820723391
76561198821705141
76561198823285547
76561198825675960
76561198826128664
76561198829461003
76561198829697824
76561198829785091
76561198831836589
76561198832593966
76561198833011948
76561198833623384
76561198834205223
76561198834235075
76561198834498835
76561198834945216
76561198834967231
76561198835228854
76561198836575967
76561198838359271
76561198838859264
76561198839004099
76561198839218537
76561198840109526
76561198840536426
76561198840851591
76561198841627255
76561198843325142
76561198844325665
76561198844790071
76561198845006051
76561198845575907
76561198845956389
76561198845991554
76561198846253437
76561198848042192
76561198849064661
76561198849269221
76561198850105856
76561198851154361
76561198851324387
76561198851681495
76561198851930315
76561198852069529
76561198852087416
76561198852145299
76561198852148421
76561198852294556
76561198854293406
76561198855579979
76561198856879912
76561198857771481
76561198857892633
76561198858801166
76561198859461648
76561198859529418
76561198860015390
76561198860276453
76561198861318069
76561198861431580
76561198862218821
76561198863997404
76561198864846413
76561198864872620
76561198865445928
76561198865473200
76561198865940520
76561198866241996
76561198867595206
76561198867899331
76561198867957204
76561198868390585
76561198868442330
76561198869884227
76561198869945893
76561198871404388
76561198876476243
76561198876506143
76561198878854010
76561198880742739
76561198881254654
76561198881644008
76561198883284440
76561198884075516
76561198885831458
76561198885918503
76561198885946866
76561198890275718
76561198891810135
76561198893390677
76561198894757147
76561198895965753
76561198896497361
76561198897940760
76561198898180001
76561198898840145
76561198898928908
76561198900859995
76561198904956998
76561198906582056
76561198907398486
76561198913484469
76561198917566963
76561198918371998
76561198918850662
76561198925956868
76561198928212515
76561198928979317
76561198929158075
76561198929692599
76561198929985773
76561198930882302
76561198932860725
76561198934290658
76561198938509179
76561198939507139
76561198946748222
76561198949189163
76561198950238599
76561198951171632
76561198957007410
76561198957084259
76561198958303620
76561198958462665
76561198959199734
76561198961716317
76561198962123741
76561198962288576
76561198962297153
76561198962364138
76561198962371898
76561198962375958
76561198962408559
76561198962426579
76561198962426691
76561198962430542
76561198962446845
76561198962497663
76561198962540096
76561198962558280
76561198962604950
76561198962610003
76561198962611832
76561198962613757
76561198962665710
76561198962811291
76561198963750384
76561198963877501
76561198964013193
76561198964158706
76561198964212185
76561198964252492
76561198964541321
76561198965960113
76561198966193663
76561198967465712
76561198967826951
76561198968680043
76561198968698006
76561198969456837
76561198969979581
76561198970183247
76561198971353144
76561198971473807
76561198971590362
76561198971656600
76561198971681681
76561198972162950
76561198972280645
76561198973471564
76561198973726147
76561198974664858
76561198975584732
76561198975769064
76561198976491850
76561198976516570
76561198976708312
76561198977118378
76561198978020786
76561198978262040
76561198978993397
76561198979271369
76561198979882604
76561198980050025
76561198980709712
76561198982763115
76561198983056208
76561198983516209
76561198983702321
76561198984082228
76561198984161943
76561198984177491
76561198984262213
76561198984418063
76561198984467347
76561198984471604
76561198984550018
76561198984594938
76561198984610383
76561198985372556
76561198986209331
76561198986310816
76561198986728912
76561198987244901
76561198987552489
76561198988735245
76561198989225293
76561198990664913
76561198991614702
76561198991694983
76561198992176974
76561198992273666
76561198992457294
76561198993696559
76561198993766252
76561198994142732
76561198994500840
76561198994514165
76561198994818125
76561198994891421
76561198995112111
76561198995114530
76561198996715277
76561198997393231
76561198998254393
76561198998507777
76561198999891498
76561199000225816
76561199000329368
76561199000734244
76561199001288388
76561199001917548
76561199002634788
76561199002767757
76561199002952811
76561199004940292
76561199004982230
76561199005003824
76561199005012769
76561199006764426
76561199006815322
76561199006847147
76561199006915718
76561199007929107
76561199011747578
76561199012062245
76561199012800149
76561199012840075
76561199012987599
76561199013062971
76561199013163459
76561199013306758
76561199013321870
76561199013564764
76561199013960553
76561199014304852
76561199014855863
76561199014960238
76561199015291037
76561199015525476
76561199016144392
76561199017029916
76561199018585923
76561199018751261
76561199021446582
76561199022420490
76561199023020203
76561199024500327
76561199025026191
76561199025077138
76561199026953640
76561199026989055
76561199027095451
76561199027645151
76561199027811851
76561199028143405
76561199029204831
76561199029478326
76561199029547725
76561199030095193
76561199030340607
76561199030629508
76561199030672273
76561199030699709
76561199030768792
76561199030808917
76561199030936127
76561199030977568
76561199031001706
76561199031736582
76561199031803524
76561199031816999
76561199031858548
76561199031876122
76561199031905584
76561199031964220
76561199031964504
76561199031966738
76561199032054419
76561199032081509
76561199032088171
76561199032150010
76561199032189982
76561199032270513
76561199032416025
76561199032580854
76561199032833125
76561199032929349
76561199032945874
76561199032983301
76561199032987643
76561199033025459
76561199033051239
76561199033054578
76561199033071637
76561199033102852
76561199033119840
76561199033132769
76561199033184859
76561199033253491
76561199033255954
76561199033322606
76561199033323084
76561199033374391
76561199033377740
76561199033413606
76561199033413865
76561199033496943
76561199033865656
76561199034100562
76561199034293365
76561199034746302
76561199034911021
76561199034951012
76561199035965030
76561199036044887
76561199037172731
76561199037268749
76561199037378059
76561199037416174
76561199037435299
76561199037439454
76561199037448513
76561199037468312
76561199037473192
76561199037475340
76561199037488466
76561199037563805
76561199039632223
76561199040497513
76561199043059288
76561199043271953
76561199043440398
76561199043467072
76561199044063513
76561199044698104
76561199044830661
76561199044860066
76561199045035042
76561199047605298
76561199048521528
76561199048929209
76561199049324088
76561199049631817
76561199049835994
76561199050441096
76561199050836716
76561199051051879
76561199051329041
76561199051719497
76561199052456140
76561199052465462
76561199052654900
76561199053415172
76561199054869159
76561199055034440
76561199055057318
76561199055178362
76561199055252327
76561199056222421
76561199058189967
76561199058219217
76561199058464385
76561199058533073
76561199058902295
76561199058964027
76561199059226651
76561199059556247
76561199060075441
76561199060479704
76561199060730452
76561199061013892
76561199062233453
76561199063685573
76561199064409522
76561199064630127
76561199065291904
76561199065291928
76561199065468900
76561199065911017
76561199066445633
76561199066552210
76561199066824408
76561199066978263
76561199067082647
76561199067153882
76561199067795078
76561199068060149
76561199069224123
76561199070109037
76561199070297866
76561199070419676
76561199070520450
76561199070607758
76561199070622649
76561199070916957
76561199071147578
76561199071773909
76561199072369902
76561199074219067
76561199074282215
76561199074337812
76561199074379723
76561199074843938
76561199075362437
76561199075432421
76561199076005061
76561199076354750
76561199076926113
76561199076950389
76561199077111020
76561199077165693
76561199077567259
76561199078750046
76561199079068806
76561199079106172
76561199079209819
76561199079217597
76561199079226396
76561199079227980
76561199079303050
76561199079315794
76561199079324710
76561199079364343
76561199079368242
76561199079379660
76561199079389975
76561199079396477
76561199079398839
76561199079403441
76561199079421169
76561199079451830
76561199079638590
76561199081168843
76561199081952310
76561199082221805
76561199082241106
76561199082334400
76561199083305453
76561199084020600
76561199084137140
76561199084147259
76561199084298888
76561199084901213
76561199085054916
76561199085435333
76561199086220175
76561199086242459
76561199086376203
76561199086491715
76561199087061295
76561199087492058
76561199087799510
76561199087866265
76561199087878958
76561199087954936
76561199088180180
76561199088455501
76561199088621468
76561199088690892
76561199088826798
76561199088870236
76561199088878994
76561199088879987
76561199088886224
76561199088912121
76561199088928246
76561199088936590
76561199088981845
76561199088985333
76561199089003989
76561199089004320
76561199089008431
76561199089024474
76561199089059780
76561199089068634
76561199089076943
76561199089127376
76561199089141880
76561199089266009
76561199089635292
76561199089961387
76561199090489475
76561199090806286
76561199090852115
76561199090884566
76561199091062838
76561199091554900
76561199091880774
76561199091883584
76561199091899279
76561199092255534
76561199092309084
76561199092377375
76561199092473944
76561199092606157
76561199092911959
76561199092980908
76561199093052182
76561199093096789
76561199093098697
76561199093109997
76561199093117109
76561199093134062
76561199093140698
76561199093149530
76561199093162884
76561199093183123
76561199093194686
76561199093221116
76561199093222771
76561199093274186
76561199093284700
76561199093286355
76561199093287017
76561199093305963
76561199093318132
76561199093332857
76561199093389720
76561199093515284
76561199093548342
76561199093599081
76561199093633611
76561199093667203
76561199093745970
76561199093803840
76561199094478869
76561199094754875
76561199094788155
76561199094872745
76561199095929076
76561199096106775
76561199097184611
76561199097634588
76561199097666706
76561199097777670
76561199097896091
76561199097927683
76561199097932515
76561199097936330
76561199097938565
76561199098021795
76561199098054558
76561199098136880
76561199098150606
76561199098178452
76561199098267565
76561199098284790
76561199098792295
76561199099072905
76561199100089482
76561199100152193
76561199100225444
76561199100240589
76561199100244879
76561199100245023
76561199100275595
76561199100275901
76561199100278757
76561199100297895
76561199100307249
76561199100335932
76561199100337666
76561199100378133
76561199100381478
76561199100384166
76561199100385574
76561199100419849
76561199100426758
76561199100453958
76561199100497999
76561199100550194
76561199100580940
76561199100605062
76561199100693464
76561199100719853
76561199101002711
76561199101044090
76561199101061631
76561199101114297
76561199101123535
76561199101137433
76561199101157023
76561199101164719
76561199101167667
76561199101168368
76561199101168767
76561199101174667
76561199101186602
76561199101187681
76561199101190991
76561199101191820
76561199101215122
76561199101220314
76561199101223341
76561199101252367
76561199101255318
76561199101262183
76561199101265649
76561199101273929
76561199101285091
76561199101298663
76561199101320503
76561199101320895
76561199101321816
76561199101322195
76561199101334485
76561199101338595
76561199101340906
76561199101374240
76561199101402826
76561199101408159
76561199101410476
76561199101412131
76561199101420077
76561199101421122
76561199101440353
76561199101465958
76561199101642474
76561199102224317
76561199103928431
76561199104126301
76561199104196004
76561199104421355
76561199105204072
76561199105692954
76561199106710069
76561199107804154
76561199107890709
76561199107912991
76561199107983288
76561199107999502
76561199108674088
76561199108700831
76561199109011949
76561199109336266
76561199109693690
76561199109727697
76561199109772841
76561199109794080
76561199109818723
76561199109870395
76561199109947401
76561199109967518
76561199109976595
76561199109995593
76561199110003960
76561199110012192
76561199110015396
76561199110025047
76561199110039571
76561199110050843
76561199110053283
76561199110083311
76561199110119992
76561199110121383
76561199110128691
76561199110133646
76561199110136957
76561199110149048
76561199110149436
76561199110163919
76561199110170715
76561199110176839
76561199110179644
76561199110209631
76561199110221964
76561199110240516
76561199110243182
76561199110257402
76561199110260361
76561199110264944
76561199110272665
76561199110279245
76561199110281901
76561199110300849
76561199110305956
76561199110325293
76561199110342519
76561199110353777
76561199110359637
76561199110361821
76561199110389945
76561199110395666
76561199110401315
76561199110406411
76561199110414249
76561199110448355
76561199110486961
76561199110524632
76561199110532575
76561199110546148
76561199110553165
76561199110611639
76561199110611970
76561199111031933
76561199111147390
76561199111658381
76561199112577737
76561199113831311
76561199113847246
76561199114347279
76561199114430105
76561199115588076
76561199116348596
76561199116789311
76561199117281407
76561199117910477
76561199118193925
76561199119731509
76561199119907010
76561199120045948
76561199121128209
76561199121682067
76561199121825151
76561199122074622
76561199122408948
76561199123530176
76561199123606357
76561199125046905
76561199125418670
76561199126342609
76561199126530105
76561199127570003
76561199127704906
76561199127769348
76561199129917937
76561199130211894
76561199130230186
76561199130802822
76561199131347291
76561199131629947
76561199132513811
76561199132994300
76561199133205135
76561199133387567
76561199133720340
76561199133799115
76561199133988749
76561199134045074
76561199134188271
76561199134742393
76561199135289559
76561199135903593
76561199135968309
76561199136106083
76561199136219878
76561199136276359
76561199136357330
76561199136384217
76561199136405036
76561199136412798
76561199136445573
76561199136561300
76561199136807926
76561199137582750
76561199137715423
76561199138066167
76561199138339063
76561199138361383
76561199138598449
76561199138629051
76561199138675261
76561199138803499
76561199138808197
76561199138983499
76561199139025112
76561199139172476
76561199139214782
76561199139220184
76561199139227581
76561199139264466
76561199139372080
76561199139376213
76561199139379143
76561199139392295
76561199139395573
76561199139417862
76561199139427303
76561199139492328
76561199139493398
76561199139493428
76561199139497557
76561199139500780
76561199139506293
76561199139513362
76561199139534678
76561199139535130
76561199139535221
76561199139569957
76561199139638040
76561199139644347
76561199139652540
76561199139678215
76561199139688854
76561199139706718
76561199139716618
76561199139753666
76561199139784362
76561199139814893
76561199139853300
76561199139884118
76561199139896191
76561199139896941
76561199140173986
76561199140198528
76561199140839761
76561199141015379
76561199141131162
76561199141156479
76561199141206142
76561199141317430
76561199141331639
76561199141344299
76561199141437742
76561199141440695
76561199141477573
76561199141488559
76561199141647473
76561199141675696
76561199141689383
76561199141776675
76561199141888189
76561199141896140
76561199141905075
76561199142067563
76561199142068388
76561199142397443
76561199142529808
76561199143050500
76561199143149931
76561199143276959
76561199143599058
76561199143630416
76561199143789513
76561199144058957
76561199144223618
76561199144378445
76561199144432210
76561199144530865
76561199144589900
76561199144648859
76561199144697590
76561199144752062
76561199144762069
76561199144811730
76561199144828517
76561199144958745
76561199145043346
76561199145176270
76561199145387069
76561199145480061
76561199145967592
76561199145994609
76561199146073233
76561199146263829
76561199146691488
76561199146844215
76561199147058595
76561199147904266
76561199147918674
76561199148163658
76561199148194404
76561199148281357
76561199148844215
76561199148868578
76561199148995388
76561199149063616
76561199149222262
76561199149234269
76561199149287883
76561199149332158
76561199149530181
76561199149928691
76561199149962928
76561199150573319
76561199150589876
76561199150594085
76561199150649661
76561199150653529
76561199150664456
76561199150714733
76561199150812043
76561199150959726
76561199151134666
76561199151236342
76561199151386089
76561199151524424
76561199151579833
76561199151967384
76561199152014814
76561199152269786
76561199152386353
76561199152468075
76561199152613236
76561199152817357
76561199152874356
76561199153228654
76561199153335575
76561199153860752
76561199153895036
76561199154577593
76561199155439878
76561199155738283
76561199156593996
76561199157399663
76561199157744943
76561199157869855
76561199157924223
76561199157968080
76561199157973169
76561199157989814
76561199157994765
76561199157996420
76561199158016626
76561199158022251
76561199158028342
76561199158030456
76561199158037930
76561199158045683
76561199158054259
76561199158060578
76561199158065958
76561199158079739
76561199158080151
76561199158081716
76561199158105485
76561199158105998
76561199158110063
76561199158126716
76561199158142723
76561199158153601
76561199158162077
76561199158165464
76561199158165564
76561199158172654
76561199158175318
76561199158190508
76561199158190614
76561199158195248
76561199158204561
76561199158206499
76561199158207161
76561199158219207
76561199158224612
76561199158234315
76561199158241281
76561199158248413
76561199158249912
76561199158253187
76561199158253352
76561199158256690
76561199158258385
76561199158259410
76561199158271041
76561199158280944
76561199158286526
76561199158291550
76561199158311778
76561199158319433
76561199158320414
76561199158322412
76561199158328478
76561199158356603
76561199158396965
76561199158406003
76561199158406957
76561199158412472
76561199158413145
76561199158415801
76561199158415927
76561199158420416
76561199158469771
76561199158539280
76561199158586859
76561199158606129
76561199158654715
76561199158715220
76561199158744906
76561199158843020
76561199159386646
76561199159405903
76561199159515570
76561199159565840
76561199159786693
76561199159882781
76561199159909557
76561199160023972
76561199160115573
76561199160192094
76561199160225797
76561199160254401
76561199160311284
76561199160435261
76561199160440493
76561199160537910
76561199161878218
76561199161956150
76561199162233092
76561199162238825
76561199164045572
76561199164773176
76561199164807985
76561199164902165
76561199164966131
76561199165031142
76561199165040724
76561199165178208
76561199165736901
76561199166134278
76561199166266276
76561199167384998
76561199169071153
76561199169154431
76561199170119591
76561199171014235
76561199171182417
76561199171440555
76561199171700543
76561199172490201
76561199172584617
76561199172676407
76561199173029735
76561199173713440
76561199174308569
76561199174486049
76561199175114061
76561199175411162
76561199175466782
76561199175546025
76561199175564143
76561199175567729
76561199175613547
76561199175627540
76561199175634935
76561199175742476
76561199175751021
76561199175795517
76561199175811219
76561199175814107
76561199175823028
76561199175830953
76561199175839942
76561199175843262
76561199175922146
76561199175929222
76561199175943958
76561199175953816
76561199175992148
76561199176006504
76561199176009323
76561199176026873
76561199176046581
76561199176071921
76561199176072252
76561199176075240
76561199176100193
76561199176117137
76561199176161212
76561199176183082
76561199176184692
76561199176187671
76561199176224683
76561199176238485
76561199176276858
76561199176279084
76561199176352422
76561199176362381
76561199176384501
76561199176435954
76561199176465794
76561199176491212
76561199176579422
76561199176616478
76561199176676054
76561199176721201
76561199176770012
76561199176781392
76561199176783730
76561199176788588
76561199176842736
76561199176904918
76561199176977730
76561199177225368
76561199177244028
76561199177287095
76561199177300714
76561199177318610
76561199177581798
76561199177682440
76561199177777089
76561199177847778
76561199178032515
76561199178101557
76561199178356355
76561199178388836
76561199178504711
76561199178539627
76561199178558141
76561199178958106
76561199179487223
76561199179719755
76561199179811193
76561199179968534
76561199180125193
76561199180579931
76561199181153122
76561199181197053
76561199181299773
76561199181716297
76561199181931897
76561199182005088
76561199182091456
76561199182115457
76561199182199926
76561199182204124
76561199182207235
76561199182208619
76561199182238577
76561199182250437
76561199182259925
76561199182394120
76561199182478643
76561199182630454
76561199183352430
76561199183592895
76561199183651323
76561199183802535
76561199183837958
76561199183926308
76561199183973773
76561199183994082
76561199184023781
76561199184062248
76561199184069774
76561199184098120
76561199184147395
76561199184189413
76561199184275808
76561199184304905
76561199184309685
76561199184364999
76561199184444518
76561199184444861
76561199184464086
76561199184477480
76561199184496553
76561199184516122
76561199184674626
76561199184696891
76561199184721738
76561199184739658
76561199184831661
76561199184833845
76561199184879986
76561199185033006
76561199185272334
76561199185506969
76561199185826473
76561199186096419
76561199186308283
76561199186583758
76561199188461095
76561199188782177
76561199188913995
76561199189024552
76561199189163294
76561199189326027
76561199189375482
76561199189399785
76561199189405061
76561199189496828
76561199189712531
76561199189721074
76561199189723467
76561199189731137
76561199189806813
76561199189820467
76561199189822122
76561199189823107
76561199189850267
76561199189900313
76561199189916326
76561199189965466
76561199189967260
76561199189989967
76561199190037590
76561199190039907
76561199190065825
76561199190113906
76561199190182270
76561199190559780
76561199190563573
76561199190646968
76561199190655185
76561199191195442
76561199191595481
76561199191679545
76561199191702322
76561199191971828
76561199191977525
76561199191983779
76561199191994185
76561199192116541
76561199192167683
76561199192184796
76561199192320084
76561199192333114
76561199192390615
76561199192430779
76561199192648853
76561199192939481
76561199193110753
76561199193118467
76561199193233914
76561199193386041
76561199193525654
76561199193542407
76561199193573248
76561199193659499
76561199193793660
76561199194238745
76561199195020153
76561199195046708
76561199196130256
76561199196247162
76561199196716158
76561199197101468
76561199197556800
76561199197895592
76561199198031489
76561199198076781
76561199198209122
76561199198679070
76561199198881023
76561199199303830
76561199199385632
76561199199689049
76561199199804722
76561199200293542
76561199200361868
76561199200770678
76561199200851590
76561199201054863
76561199201302046
76561199201329656
76561199201356533
76561199201412425
76561199201420869
76561199201425622
76561199201479245
76561199201531026
76561199201538897
76561199201542436
76561199201555050
76561199201557677
76561199201558008
76561199201572089
76561199201577246
76561199201587305
76561199201593286
76561199201601599
76561199201644937
76561199201645224
76561199201673703
76561199201746288
76561199201749542
76561199201791913
76561199201917730
76561199201932600
76561199201990064
76561199202046789
76561199202103616
76561199202108681
76561199202111340
76561199202200434
76561199202254071
76561199202347247
76561199202454647
76561199202559811
76561199202562524
76561199203019910
76561199203165083
76561199203596232
76561199203599123
76561199204373084
76561199204609553
76561199204885191
76561199205023648
76561199205090044
76561199206066105
76561199206515564
76561199206704180
76561199206733294
76561199207026917
76561199207049149
76561199208130045
76561199208391940
76561199209010120
76561199209071806
76561199209273239
76561199209380429
76561199209399846
76561199209419538
76561199209516299
76561199209676418
76561199209702139
76561199209758134
76561199209762482
76561199209791890
76561199209842553
76561199209900113
76561199210062745
76561199210130891
76561199210221880
76561199210259813
76561199210462899
76561199210767770
76561199210813863
76561199210820110
76561199210987078
76561199211079774
76561199211259392
76561199211395365
76561199211422539
76561199211462636
76561199211647203
76561199211884717
76561199211899215
76561199212164326
76561199212172910
76561199212425761
76561199212770844
76561199213487380
76561199213496479
76561199213587571
76561199213625248
76561199213629261
76561199213746620
76561199213779388
76561199213780403
76561199213837875
76561199213874980
76561199213884190
76561199213886734
76561199213921832
76561199213940670
76561199213994491
76561199214068544
76561199214086306
76561199214093868
76561199214103086
76561199214114030
76561199214160770
76561199214183595
76561199214230522
76561199214283438
76561199214331671
76561199214385733
76561199214406360
76561199214418573
76561199214460194
76561199214544350
76561199214576619
76561199214584021
76561199214647524
76561199214660012
76561199214681122
76561199214717766
76561199214721491
76561199214763555
76561199214783729
76561199214790206
76561199214827532
76561199214864670
76561199214887118
76561199214890476
76561199214899226
76561199214903944
76561199214913786
76561199214921003
76561199214929612
76561199214931368
76561199214940947
76561199214950732
76561199214982504
76561199215015152
76561199215056925
76561199215105404
76561199215124783
76561199215139492
76561199215146621
76561199215150897
76561199215168102
76561199215228268
76561199215228483
76561199215230618
76561199215245410
76561199215253490
76561199215285784
76561199215309373
76561199215344704
76561199215352556
76561199215373251
76561199215375143
76561199215378453
76561199215396474
76561199215408377
76561199215494591
76561199215539651
76561199215564997
76561199215566913
76561199215617114
76561199215636812
76561199215642817
76561199215654681
76561199215672605
76561199215682592
76561199215688212
76561199215702646
76561199215758476
76561199215792710
76561199215836966
76561199215899206
76561199216542984
76561199216593159
76561199216705612
76561199216708218
76561199216768442
76561199216791375
76561199216794460
76561199216869775
76561199217216056
76561199217240095
76561199217323158
76561199217323829
76561199217939601
76561199217972239
76561199218012810
76561199218116397
76561199218254871
76561199218306103
76561199218763572
76561199219072782
76561199219211378
76561199219330542
76561199219372763
76561199219405720
76561199219454956
76561199219535734
76561199219686047
76561199219770136
76561199219777311
76561199219808955
76561199219859907
76561199219879166
76561199219882171
76561199219944779
76561199219951205
76561199219996230
76561199220026809
76561199220235526
76561199220298187
76561199220314407
76561199220412414
76561199220417983
76561199220420226
76561199220539460
76561199220541582
76561199220564497
76561199220579119
76561199220603273
76561199220632419
76561199220768821
76561199220877399
76561199220886885
76561199220892298
76561199220895769
76561199220937138
76561199220964503
76561199220971698
76561199221014721
76561199221024248
76561199221069134
76561199221194501
76561199221257891
76561199221336657
76561199221573968
76561199221677477
76561199221748107
76561199221816939
76561199222941193
76561199223055113
76561199223078384
76561199223088512
76561199223148420
76561199223532847
76561199223702171
76561199223813696
76561199223832408
76561199223849372
76561199223920878
76561199223962395
76561199224007132
76561199224121813
76561199224235033
76561199224435003
76561199224610282
76561199224840947
76561199224898392
76561199224938490
76561199225031950
76561199225136654
76561199225197689
76561199225225359
76561199225263701
76561199225331099
76561199225366115
76561199225536931
76561199225742020
76561199225787979
76561199225827493
76561199225831348
76561199225876398
76561199226298830
76561199226562960
76561199226807357
76561199226889218
76561199226975932
76561199227015797
76561199227022066
76561199227112774
76561199227186388
76561199227207762
76561199227299416
76561199227657208
76561199227657517
76561199227675589
76561199228139964
76561199228199950
76561199228345254
76561199228353330
76561199228804889
76561199228877362
76561199229007123
76561199229028364
76561199229057820
76561199229101100
76561199229125807
76561199229135427
76561199229139264
76561199229153394
76561199229183302
76561199229626037
76561199229794566
76561199229794972
76561199229838095
76561199230076726
76561199230091149
76561199230121019
76561199230291022
76561199230301272
76561199230326039
76561199230343807
76561199230376282
76561199230377015
76561199230495315
76561199230659338
76561199230691545
76561199230978104
76561199231011042
76561199231034919
76561199231061653
76561199231068722
76561199231105220
76561199231107498
76561199231332977
76561199231367342
76561199231427129
76561199231538192
76561199231547214
76561199231998337
76561199232124372
76561199232127182
76561199232671102
76561199232691415
76561199232825868
76561199232832046
76561199232851477
76561199233089657
76561199233240148
76561199233432722
76561199233668306
76561199233733209
76561199233745763
76561199233751688
76561199233793389
76561199233947225
76561199234156431
76561199234166550
76561199234882888
76561199234890592
76561199234977608
76561199235180399
76561199235326404
76561199235553037
76561199235636802
76561199235665711
76561199235726646
76561199235846896
76561199235904070
76561199235904356
76561199235906960
76561199235976948
76561199236009489
76561199236050854
76561199236102479
76561199236127304
76561199236199175
76561199236328011
76561199236536152
76561199237293656
76561199237431952
76561199237642869
76561199238079863
76561199238168203
76561199238273127
76561199238810858
76561199238853392
76561199238910611
76561199239233391
76561199239240007
76561199239781501
76561199240067874
76561199240155651
76561199240204783
76561199240256782
76561199240468474
76561199240484912
76561199240592275
76561199240601364
76561199240655713
76561199240737997
76561199240753735
76561199240794748
76561199240824191
76561199240932623
76561199241025183
76561199241106766
76561199241302212
76561199241597365
76561199241634586
76561199241950032
76561199242015260
76561199242029613
76561199242114074
76561199242191026
76561199242209845
76561199242294250
76561199242377424
76561199242393029
76561199242471161
76561199242648845
76561199242696882
76561199242785901
76561199242803159
76561199242863780
76561199242902317
76561199242936907
76561199242946715
76561199242948519
76561199243020116
76561199243050313
76561199243051637
76561199243076459
76561199243136459
76561199243195572
76561199243199626
76561199243230120
76561199243292849
76561199243309577
76561199243314818
76561199243344513
76561199243437775
76561199243444317
76561199243825537
76561199243880173
76561199243892537
76561199243909815
76561199244131823
76561199244388721
76561199244462949
76561199244663874
76561199244666974
76561199245078508
76561199245337262
76561199245382087
76561199245580700
76561199246002394
76561199246083482
76561199246524932
76561199246632090
76561199246637820
76561199246723056
76561199247435675
76561199247467394
76561199247494232
76561199247517515
76561199248389909
76561199248669305
76561199248761696
76561199248874303
76561199248970030
76561199249073684
76561199249437247
76561199249476255
76561199249482162
76561199249497946
76561199249520743
76561199249636793
76561199249763738
76561199249906477
76561199249978624
76561199250262264
76561199251120847
76561199251240052
76561199251379659
76561199251402925
76561199251454670
76561199251686919
76561199251854834
76561199251871052
76561199251913766
76561199252016471
76561199254360599
76561199256087739
76561199256228417
76561199256328973
76561199256445521
76561199256477868
76561199256479505
76561199256485812
76561199256514085
76561199256611739
76561199256628097
76561199256697986
76561199256706487
76561199256759790
76561199256794623
76561199256865378
76561199256884595
76561199256939808
76561199256967999
76561199256993534
76561199257004031
76561199257012406
76561199257029711
76561199257076170
76561199257155730
76561199257231921
76561199257284482
76561199257367466
76561199257451861
76561199257471934
76561199257496188
76561199257702921
76561199257875321
76561199257958606
76561199258169587
76561199258180473
76561199258209183
76561199258260228
76561199258269632
76561199258375503
76561199258790688
76561199259136595
76561199259718662
76561199260669183
76561199260823000
76561199260938456
76561199262290783
76561199262365564
76561199262526939
76561199262658394
76561199263162858
76561199264898626
76561199264901022
76561199265027343
76561199265139291
76561199265285810
76561199265294503
76561199265320029
76561199265387230
76561199265438448
76561199265498586
76561199265550177
76561199265606456
76561199265651829
76561199265715158
76561199266077435
76561199267288793
76561199267318714
76561199269479330
76561199269743343
76561199269750655
76561199269847183
76561199270002377
76561199270023607
76561199270096673
76561199270121351
76561199270224366
76561199270244221
76561199270524340
76561199270655790
76561199271308785
76561199273101674
76561199273205968
76561199273218539
76561199273236187
76561199273262876
76561199273269795
76561199273394795
76561199273434704
76561199273513721
76561199273548919
76561199273554284
76561199273599166
76561199273601199
76561199273680951
76561199273740211
76561199273762876
76561199273813614
76561199273815230
76561199273820906
76561199273867236
76561199273880305
76561199273976495
76561199273981579
76561199274028454
76561199274151811
76561199274404531
76561199274456288
76561199274535783
76561199274571213
76561199274619619
76561199274684396
76561199274760571
76561199274776459
76561199274827851
76561199274845881
76561199274861238
76561199274876206
76561199274917534
76561199274932089
76561199274941929
76561199274987661
76561199275024223
76561199275108994
76561199275155842
76561199275354915
76561199275361285
76561199275383195
76561199275390365
76561199275711633
76561199275861956
76561199275880894
76561199276005775
76561199276048863
76561199276165134
76561199276436862
76561199276473010
76561199277480697
76561199277483682
76561199278719221
76561199279072221
76561199281698554
76561199282194986
76561199282309285
76561199287891317
76561199289255797
76561199290039702
76561199291265832
76561199295728544
76561199295768050
76561199295816185
76561199300457388
76561199302804588
76561199302815093
76561199303979831
76561199306939184
76561199308508048
76561199309438893
76561199310118784
76561199317169304
76561199323287258
76561199337881772
76561199337919066
76561199337926332
76561199338008030
76561199353995146
76561199354270285
76561199356013524
76561199367465745
76561199367541211
76561199367720803
76561199369687669
76561199369777054
76561199369792268
76561199369802660
76561199369958746
76561199370278749
76561199370344896
76561199371829676
76561199371860641
76561199371980050
76561199372052778
76561199374387535
76561199379101390
76561199379191139
76561199379500888
76561199379706153
76561199379984773
76561199380081950
76561199380133060
76561199384142608
76561199384178329
76561199384191029
76561199384221860
76561199384331646
76561199384332832
76561199384349120
76561199384360322
76561199384376350
76561199384389974
76561199384392310
76561199384401426
76561199384402907
76561199384428220
76561199384446537
76561199384460247
76561199384483509
76561199384491958
76561199384496095
76561199384500268
76561199384515382
76561199384518193
76561199384521440
76561199384633538
76561199384635262
76561199384639355
76561199384640872
76561199384658446
76561199384670443
76561199384673119
76561199384697850
76561199384703133
76561199384781175
76561199384815224
76561199384825929
76561199384861650
76561199384877006
76561199384919615
76561199385582394
76561199386562215
76561199386585990
76561199386846881
76561199386920483
76561199386923681
76561199386980468
76561199386983850
76561199387012797
76561199387076333
76561199387105184
76561199387112924
76561199387126902
76561199387206271
76561199387277941
76561199387412720
76561199387435831
76561199387474514
76561199387508863
76561199387513349
76561199387543922
76561199387585919
76561199387619733
76561199387656340
76561199387781883
76561199388156028
76561199388169916
76561199388258065
76561199388339416
76561199388341542
76561199388402968
76561199388407348
76561199388433714
76561199388435589
76561199388511026
76561199388614326
76561199389443297
76561199389494169
76561199389502880
76561199389603080
76561199389671579
76561199390922956
76561199390988030
76561199391422732
76561199391501072
76561199391516882
76561199391520236
76561199391928516
76561199393745969
76561199394111276
76561199395602018
76561199395693199
76561199395931742
76561199396327557
76561199400052542
76561199400107090
76561199400422462
76561199400537170
76561199400654381
76561199405155271
76561199405468693
76561199405518648
76561199406724995
76561199407254554
76561199407312225
76561199407460004
76561199408341183
76561199408703612
76561199408841064
76561199409073035
76561199409314829
76561199412835970
76561199412956755
76561199413102227
76561199413245447
76561199413283051
76561199413306363
76561199413432704
76561199413833158
76561199413868715
76561199414016396
76561199414083070
76561199414099875
76561199414128868
76561199414220645
76561199414241989
76561199414263280
76561199414309109
76561199414431096
76561199414587465
76561199414628158
76561199415056313
76561199415419259
76561199415430169
76561199415525315
76561199415650820
76561199415803620
76561199415847943
76561199422388454
76561199422810566
76561199432609334
76561199438923107
76561199439512152
76561199442975086
76561199443484417
76561199443639868
76561199466807356
76561199490678737
76561199505644544
76561199506409003
76561199506513604
76561199506616278
76561199506660393
76561199506832326
76561199507131564
76561199507177771
76561199510426369
76561199511007014
76561199523824912
76561199524627937
76561199524984757
76561199525055501
76561199525557730
76561199542467896
76561199543658212
76561199543877187
76561199544002224
76561199544612956
76561199545348164
76561199551288361
76561199551698702
76561199557397368
76561199557517933
76561199557603295
76561199557632059
76561199557701189
76561199557781253
76561199557976846
76561199557991056
76561199558269766
76561199560441095
76561199560890270
76561199561033878
76561199561113505
76561199561134032
76561199561179672
76561199561323601
76561199561502401
76561199561868527
76561199616901507
76561199799940701
76561199800541668
76561199800599491
76561199801452455
76561199801579893
76561199801606992
76561199801675368
76561199801768968
76561199802289590
76561199858081502
76561199861169558
76561198097941802
76561198103904254
76561198114096904
76561198167025671
76561198167163056
76561198174819538
76561198200163445
76561198271891759
76561198353486458
76561198434442746
76561198852822378
76561198879125888
76561198920976466
76561198969872365
76561199023727617
76561199036327699
76561199096452882
76561199106066902
76561199121616163
76561199134943075
76561199143263692
76561199184935358
